
80000000 00020104
80000000 00020004

80000000 000F0001
80000000 000E0007
80000000 000E0007

80000000 00020004
80000000 00020004

80000000 00140200
80000000 00140300
80000000 14020000
80000000 00140300
80000000 00020006
80000000 00140200

80000000 00140200
80000000 00140300

80000000 00140300
80000000 00150000
80000000 00140300
80000000 00140200
80000000 00140300
80000000 00140300
80000000 01020204

80000000 00140300

80000000 00140300

80000000 00140300
80000000 01020204

80000000 00140200
80000000 00000000
80000000 00140200
80000000 00000000
80000000 00020004
80000000 00020004
80000000 00000000
80000000 00020004
80000000 00020004

80000000 00140300

80000000 00020104

80000000 00020104

80000000 00110200
80000000 0202040E
80000000 0000E007
80000000 0000e017
80000000 000c0502
80000000 000c0502
80000000 000e0007
80000000 000e0007
80000000 000e0007
80000000 000e0007
80000000 000e0007
